           0            0            0            0            0            0            0            0            0            0            0            0            0            0            0            0            0            0            0            0            0            0            0            0            0            0            0            0            0            0            0            0
           0     0.158356    0.0978643    0.0710126    0.0497293    0.0352619    0.0256545    0.0190688    0.0145131    0.0112872   0.00895924   0.00724519   0.00595733   0.00496521   0.00417473   0.00351481   0.00292864   0.00236723   0.00178382    0.0011175  0.000292867 -0.000894642  -0.00252402  -0.00469892  -0.00788665   -0.0128177   -0.0212656   -0.0361714    -0.067375    -0.119377    -0.210895            0
           0     0.202817      0.14859     0.130247     0.101898    0.0824544    0.0680952    0.0572616    0.0489523    0.0424559    0.0373114    0.0331731    0.0297851    0.0269385    0.0244558    0.0221797    0.0199631     0.017663    0.0151246    0.0121556   0.00847376     0.003574  -0.00320068   -0.0124794   -0.0254364   -0.0439575   -0.0723359    -0.115743    -0.191465    -0.288224    -0.397973            0
           0     0.137549     0.163474     0.162538      0.14145     0.123728     0.107499    0.0944963    0.0839002    0.0753252    0.0683266    0.0625522    0.0576943    0.0534691    0.0496129    0.0458791    0.0420261    0.0378164    0.0329912    0.0272562    0.0201479    0.0110666    -0.001468   -0.0189052   -0.0428454   -0.0757959    -0.123207    -0.189522    -0.291982    -0.399277    -0.445166            0
           0    0.0996607     0.149474     0.161638     0.151926     0.140302     0.127315     0.115837     0.105693    0.0972585    0.0902494    0.0843392    0.0792227    0.0745808    0.0700912     0.065444    0.0603259    0.0544312    0.0474357    0.0389841    0.0285331    0.0153931   -0.0021998   -0.0262983   -0.0593064      -0.1042    -0.167022    -0.249991     -0.36541    -0.461769    -0.427752            0
           0    0.0723703     0.133204     0.155279     0.155503     0.149594     0.140508     0.131569     0.123071     0.115451      0.10888     0.103216    0.0981579    0.0933398    0.0883736    0.0828841    0.0764825    0.0687948     0.059443    0.0480184    0.0339463    0.0164012  -0.00651426   -0.0370953    -0.078388    -0.133449    -0.207681    -0.301554    -0.418742     -0.48376    -0.384406            0
           0    0.0567357     0.118037     0.145444     0.152815     0.151893     0.146622     0.140285     0.133798     0.127813     0.122333     0.117336     0.112658     0.107931     0.102687    0.0964976    0.0888996    0.0794547    0.0677418    0.0533026    0.0355654    0.0135206   -0.0148338   -0.0514602   -0.0996885     -0.16295    -0.246962    -0.345001    -0.444288    -0.476997    -0.330878            0
           0     0.047171     0.106147     0.136446      0.14867      0.15164     0.149615     0.145698     0.141105     0.136606     0.132366     0.128286     0.124101     0.119522     0.114063     0.107223    0.0984651    0.0872767    0.0731884     0.055684    0.0342476    0.0074937   -0.0263992   -0.0690135    -0.124605    -0.195407    -0.280551    -0.370914    -0.449289     -0.45156    -0.276493            0
           0    0.0412536    0.0968725      0.12822     0.143389     0.149186      0.14974     0.147897     0.145022     0.141911     0.138773     0.135565     0.131986     0.127639     0.121995     0.114543     0.104689    0.0918448    0.0754715    0.0549907     0.029792  -0.00204206   -0.0423573    -0.090799    -0.150627    -0.222071    -0.303143     -0.38212     -0.43808    -0.414388    -0.225638            0
           0    0.0373652    0.0896741     0.121039     0.137835     0.145554     0.148029     0.147844     0.146391     0.144443     0.142234     0.139707     0.136557     0.132362     0.126543     0.118483      0.10754    0.0930359    0.0742913    0.0506018    0.0210341   -0.0156253   -0.0594086    -0.111013    -0.172098    -0.241494    -0.315007    -0.380063    -0.414811    -0.370601    -0.180588            0
           0    0.0345592    0.0837629     0.114469      0.13195     0.140848     0.144655      0.14571     0.145356     0.144315     0.142811     0.140769     0.137868     0.133638      0.12747     0.118698     0.106598    0.0904282    0.0694277    0.0428941   0.00989221   -0.0296413   -0.0754609    -0.128177    -0.187959    -0.252531    -0.316484    -0.367067    -0.382983    -0.323949    -0.142207            0
           0    0.0323286    0.0786292     0.108259     0.125784     0.135287     0.139931     0.141832     0.142245     0.141823     0.140764     0.138966     0.136089     0.131634     0.124968     0.115382     0.102116    0.0844042    0.0615055     0.032804  -0.00224468   -0.0428617   -0.0889304    -0.140707    -0.197218    -0.255349    -0.308887    -0.345531    -0.345597    -0.277257    -0.110496            0
           0    0.0303498    0.0738504     0.102115     0.119239     0.128909     0.133988      0.13639     0.137262     0.137184     0.136317      0.13453     0.131467     0.126614     0.119332     0.108905     0.094588    0.0756567    0.0514919     0.021663   -0.0137432   -0.0539441   -0.0989532    -0.148241    -0.200081      -0.2508     -0.29384    -0.317784    -0.305248    -0.232614   -0.0849285            0
           0    0.0284512    0.0691725    0.0958681     0.112287     0.121801     0.127002     0.129619     0.130685     0.130706     0.129806     0.127831     0.124421     0.119065     0.111142    0.0999735    0.0848742    0.0652249    0.0405725    0.0107132   -0.0238771   -0.0626057    -0.105336    -0.150932    -0.197174    -0.240076      -0.2731    -0.286016    -0.264148    -0.191505   -0.0646968            0
           0    0.0265279    0.0644299    0.0894059     0.104911     0.114037     0.119127     0.121737     0.122788     0.122718     0.121616     0.119316     0.115467     0.109583     0.101092    0.0893816    0.0738666    0.0540616    0.0296723  0.000717507   -0.0321721    -0.068622    -0.108159    -0.149261    -0.189409    -0.224535    -0.248412    -0.252196    -0.224119    -0.154867   -0.0489062            0
           0    0.0245324    0.0595452    0.0826922    0.0971475     0.105729     0.110546     0.112992     0.113881     0.113591     0.112183     0.109493     0.105191    0.0988371    0.0899254    0.0779363    0.0623979    0.0429613    0.0194711  -0.00785757   -0.0384383   -0.0720175    -0.107744    -0.143892    -0.177812    -0.205547    -0.221405    -0.218033    -0.186577    -0.123164   -0.0367016            0
           0    0.0224481    0.0544956    0.0757383    0.0890597    0.0969992     0.101444     0.103629     0.104273     0.103699     0.101952    0.0988761    0.0941777    0.0874746    0.0783411    0.0663576    0.0511692    0.0325485     0.010465   -0.0147631   -0.0427077   -0.0729959    -0.104552    -0.135577    -0.163428    -0.184413    -0.193528    -0.184936    -0.152527   -0.0964539   -0.0273375            0
           0     0.020283    0.0493012    0.0685948    0.0807393    0.0879872    0.0920088    0.0938909    0.0942627    0.0934017    0.0913418     0.087945     0.082961    0.0760716    0.0669347    0.0552288    0.0407064    0.0232392   0.00291435   -0.0199682   -0.0450643   -0.0718292   -0.0990955    -0.125074    -0.147248      -0.1623    -0.166008    -0.153995    -0.122563    -0.074484    -0.020199            0
           0    0.0180588    0.0440086    0.0613357     0.072291    0.0788328    0.0824207    0.0840001    0.0841181    0.0830135    0.0807151    0.0771071     0.071984    0.0650919    0.0561684    0.0449811    0.0313722    0.0152904  -0.00311117   -0.0235095   -0.0456535   -0.0688431   -0.0918957    -0.113104    -0.130165    -0.140205    -0.139823    -0.125973   -0.0969135   -0.0567927   -0.0147936            0
           0    0.0158062    0.0386814    0.0540494    0.0638258    0.0696718    0.0728428    0.0741499     0.074065    0.0727933    0.0703621    0.0666783    0.0615791    0.0548698    0.0463586    0.0358902    0.0233793   0.00884345  -0.00754243   -0.0254989   -0.0446922   -0.0643931   -0.0834593    -0.100319    -0.112941    -0.118931    -0.115686    -0.101309   -0.0754946   -0.0428037   -0.0107298            0
           0    0.0135606    0.0333917    0.0468301    0.0554537    0.0606296    0.0634167    0.0644992    0.0642803    0.0629354    0.0604915    0.0568762    0.0519645    0.0456119    0.0376848      0.02809     0.016797   0.00387934   -0.0104902   -0.0260496   -0.0423996   -0.0588179   -0.0742436   -0.0872778    -0.096192   -0.0990756   -0.0940544   -0.0801512   -0.0579906    -0.031905  -0.00769538            0
           0    0.0113585    0.0282153    0.0397736    0.0472809    0.0518192    0.0542611    0.0551721    0.0548924    0.0535708    0.0512337    0.0478263    0.0432542     0.037413    0.0302142    0.0216109    0.0116121  0.000328975   -0.0120678    -0.025335    -0.039021   -0.0524438   -0.0646495   -0.0744339   -0.0803792   -0.0810296   -0.0751374   -0.0624003   -0.0439363   -0.0235055  -0.00544001            0
           0   0.00923731    0.0232299    0.0329761    0.0394096    0.0433434     0.045476    0.0462638    0.0459895    0.0447778    0.0426538    0.0395761    0.0354741    0.0302731    0.0239175    0.0163908   0.00772939  -0.00194828   -0.0124636   -0.0235677   -0.0348123   -0.0455716   -0.0550135   -0.0621336   -0.0658119   -0.0649956    -0.058937   -0.0477761   -0.0327982   -0.0170729  -0.00376405            0
           0   0.00723312    0.0185128    0.0265323    0.0319377    0.0352951    0.0371452    0.0378453    0.0376265    0.0365917    0.0347636    0.0321108    0.0285797    0.0241163    0.0186864    0.0122912    0.0049822  -0.00313077   -0.0118683   -0.0209674   -0.0300183   -0.0384637   -0.0455997   -0.0506143   -0.0526564    -0.051008   -0.0452892   -0.0358851    -0.024038   -0.0121507  -0.00250914            0
           0   0.00538495    0.0141464    0.0205429    0.0249682     0.027771    0.0293525    0.0299834    0.0298489     0.029032    0.0275526    0.0253861    0.0224905    0.0188249    0.0143672   0.00912597   0.00315566  -0.00344383   -0.0105045   -0.0177725   -0.0248826    -0.031357   -0.0366177   -0.0400295   -0.0409708   -0.0389831   -0.0339323   -0.0262991     -0.01717  -0.00837331  -0.00155749            0
           0   0.00372845    0.0102094    0.0151045     0.018599    0.0208602    0.0221728    0.0227336    0.0226877    0.0221012    0.0209901    0.0193346    0.0171005    0.0142553    0.0107821    0.0066899   0.00202654  -0.00312362  -0.00861443   -0.0142184    -0.019625     -0.02444   -0.0282054   -0.0304412   -0.0307111   -0.0287437   -0.0245477   -0.0185991   -0.0117823  -0.00546027 -0.000824254            0
           0   0.00231232   0.00679916    0.0103378    0.0129575    0.0146885    0.0157232    0.0161983    0.0162248    0.0158529    0.0150953    0.0139354    0.0123451    0.0102968    0.0077754   0.00478611   0.00136452  -0.00242464   -0.0064653   -0.0105713   -0.0144932   -0.0179224   -0.0205115   -0.0219126   -0.0218326   -0.0201243   -0.0168622    -0.012457   -0.0075833  -0.00323482 -0.000269381            0
           0   0.00117098   0.00398692   0.00632943   0.00813236   0.00934143    0.0100819     0.010444    0.0105086    0.0103119   0.00986309    0.0091485   0.00814572    0.0068318    0.0051924   0.00322743  0.000958315   -0.0015721  -0.00428378  -0.00704224  -0.00966533   -0.0119304   -0.0135925   -0.0144152   -0.0142126   -0.0129128   -0.0106023    -0.007593  -0.00435647  -0.00158447  0.000122205            0
           0  0.000375778   0.00189634   0.00324331   0.00432135   0.00504638   0.00549753   0.00572933   0.00579578   0.00571983   0.00550706   0.00514746   0.00462473   0.00392148   0.00302513   0.00193167  0.000649866 -0.000796629  -0.00236237  -0.00396654  -0.00549446  -0.00680606  -0.00774875  -0.00817938  -0.00799162  -0.00715513  -0.00573721  -0.00393958  -0.00204883 -0.000500379  0.000319051            0
           0 -6.13677e-05  0.000520583   0.00106293   0.00150687   0.00179428   0.00197129   0.00206379   0.00209873   0.00208604   0.00202784   0.00191863   0.00174998   0.00151252    0.0011985  0.000803454  0.000327417  -0.00022119 -0.000826213  -0.00145712   -0.0020654  -0.00259035    -0.002965  -0.00312715  -0.00303185  -0.00266923  -0.00207075  -0.00132531 -0.000551219  5.19341e-05  0.000298139            0
           0  -0.00010477 -1.32589e-05  7.20822e-05  0.000139677  0.000174369  0.000192606  0.000200735  0.000205226  0.000207639  0.000208159  0.000205346  0.000197298  0.000181803  0.000156714   0.00012017  7.03803e-05  8.11248e-06 -6.49318e-05 -0.000145884 -0.000227812 -0.000301165 -0.000354711 -0.000377686 -0.000361968 -0.000305604 -0.000212731 -9.75815e-05  2.34057e-05  0.000109919  0.000120231            0
           0            0            0            0            0            0            0            0            0            0            0            0            0            0            0            0            0            0            0            0            0            0            0            0            0            0            0            0            0            0            0            0